0.0561617 0 68.1251
0.0859825 0.0002 149.104
0.132227 0.0004 231.224
0.161744 0.0006 147.583
0.203567 0.0008 209.116
0.269743 0.001 330.88
0.333988 0.0012 321.222
0.38236 0.0014 241.863
0.444167 0.0016 309.036
0.525313 0.0018 405.728
0.621335 0.002 480.11
0.694171 0.0022 364.18
0.795787 0.0024 508.077
0.902577 0.0026 533.952
0.976954 0.0028 371.884
1.09574 0.003 593.928
1.20845 0.0032 563.537
1.32113 0.0034 563.436
1.42635 0.0036 526.096
1.5653 0.0038 694.734
1.72065 0.004 776.734
1.86081 0.0042 700.815
1.98408 0.0044 616.366
2.1073 0.0046 616.098
2.25965 0.0048 761.744
2.41848 0.005 794.163
2.57393 0.0052 777.24
2.75474 0.0054 904.018
2.90905 0.0056 771.551
3.052 0.0058 714.761
3.23264 0.006 903.206
3.43505 0.0062 1012.05
3.60727 0.0064 861.121
3.80466 0.0066 986.945
3.98012 0.0068 877.266
4.14317 0.007 815.289
4.33697 0.0072 968.994
4.58629 0.0074 1246.61
4.80124 0.0076 1074.73
5.00221 0.0078 1004.86
5.19905 0.008 984.202
5.36793 0.0082 844.41
5.57065 0.0084 1013.61
5.75519 0.0086 922.666
5.93604 0.0088 904.268
6.14087 0.009 1024.16
6.36858 0.0092 1138.53
6.61797 0.0094 1246.92
6.84993 0.0096 1159.84
7.16818 0.0098 1591.22
7.49 0.01 1609.09
7.68268 0.0102 963.429
7.96058 0.0104 1389.47
8.19954 0.0106 1194.84
8.45791 0.0108 1291.83
8.73198 0.011 1370.33
8.99384 0.0112 1309.32
9.22905 0.0114 1176.05
9.52503 0.0116 1479.88
9.82522 0.0118 1500.95
10.1008 0.012 1378.12
10.4263 0.0122 1627.41
10.7332 0.0124 1534.47
11.0196 0.0126 1431.74
11.3445 0.0128 1624.65
11.7013 0.013 1784.06
12.0363 0.0132 1675.11
12.4448 0.0134 2042.51
12.8449 0.0136 2000.56
13.199 0.0138 1770.41
13.5422 0.014 1715.88
13.9143 0.0142 1860.52
14.2528 0.0144 1692.64
14.6522 0.0146 1997.06
15.0595 0.0148 2036.29
15.4546 0.015 1975.31
15.8251 0.0152 1852.66
16.2183 0.0154 1966
16.6593 0.0156 2205.14
17.0944 0.0158 2175.6
17.5605 0.016 2330.16
18.0674 0.0162 2534.71
18.5635 0.0164 2480.51
19.0493 0.0166 2428.76
19.5828 0.0168 2667.84
20.1476 0.017 2823.89
