0.0769643 0 152.656
0.108979 0.0002 160.075
0.133999 0.0004 125.1
0.174005 0.0006 200.026
0.221508 0.0008 237.52
0.264681 0.001 215.865
0.312343 0.0012 238.308
0.365953 0.0014 268.051
0.428091 0.0016 310.687
0.475824 0.0018 238.665
0.537996 0.002 310.862
0.635959 0.0022 489.815
0.727748 0.0024 458.942
0.806359 0.0026 393.057
0.895247 0.0028 444.441
0.955955 0.003 303.538
1.01034 0.0032 271.925
1.1461 0.0034 678.813
1.244 0.0036 489.467
1.34735 0.0038 516.76
1.42907 0.004 408.591
1.54012 0.0042 555.271
1.67269 0.0044 662.863
1.8123 0.0046 698.042
1.93574 0.0048 617.206
2.03464 0.005 494.504
2.17029 0.0052 678.26
2.28454 0.0054 571.237
2.4277 0.0056 715.808
2.59416 0.0058 832.294
2.76322 0.006 845.289
2.88027 0.0062 585.229
3.02597 0.0064 728.541
3.15882 0.0066 664.249
3.35882 0.0068 999.955
3.53923 0.007 902.062
3.71248 0.0072 866.274
3.88026 0.0074 838.879
4.03504 0.0076 773.896
4.22423 0.0078 945.972
4.4273 0.008 1015.33
4.66839 0.0082 1205.43
4.84622 0.0084 889.159
5.02803 0.0086 909.081
5.20502 0.0088 884.928
5.39888 0.009 969.286
5.60291 0.0092 1020.19
5.74698 0.0094 720.32
6.04723 0.0096 1501.24
6.25832 0.0098 1055.45
6.4359 0.01 887.913
6.71543 0.0102 1397.66
6.9452 0.0104 1148.87
7.22154 0.0106 1381.69
7.51628 0.0108 1473.67
7.85454 0.011 1691.32
8.11432 0.0112 1298.93
8.38353 0.0114 1346.04
8.68135 0.0116 1489.09
8.9432 0.0118 1309.24
9.19428 0.012 1255.41
9.4472 0.0122 1264.59
9.71337 0.0124 1330.88
9.97519 0.0126 1309.07
10.2822 0.0128 1535.31
10.5084 0.013 1130.58
10.7038 0.0132 977.274
11.1956 0.0134 2458.72
11.6705 0.0136 2374.91
12.0797 0.0138 2045.93
12.407 0.014 1636.57
12.9632 0.0142 2780.95
13.2932 0.0144 1649.91
13.8033 0.0146 2550.28
14.2312 0.0148 2139.38
14.6915 0.015 2301.49
15.1567 0.0152 2326.27
15.6091 0.0154 2262.12
16.0172 0.0156 2040.32
16.5214 0.0158 2520.85
16.9901 0.016 2343.69
17.5112 0.0162 2605.72
18.0715 0.0164 2801.26
18.6693 0.0166 2989.01
19.1122 0.0168 2214.45
19.7845 0.017 3361.6
20.2735 0.0172 2444.9
