0.0569987 0 112.546
0.077359 0.0002 101.802
0.121 0.0004 218.205
0.163678 0.0006 213.39
0.194407 0.0008 153.647
0.269893 0.001 377.426
0.339323 0.0012 347.152
0.40192 0.0014 312.986
0.474114 0.0016 360.972
0.568577 0.0018 472.312
0.672434 0.002 519.286
0.796257 0.0022 619.113
0.888709 0.0024 462.261
0.969336 0.0026 403.134
1.05039 0.0028 405.291
1.15825 0.003 539.262
1.27695 0.0032 593.517
1.39734 0.0034 601.959
1.5512 0.0036 769.268
1.72524 0.0038 870.207
1.89206 0.004 834.14
2.04723 0.0042 775.812
2.22968 0.0044 912.271
2.41818 0.0046 942.505
2.62277 0.0048 1022.95
2.81275 0.005 949.871
2.98878 0.0052 880.19
3.17826 0.0054 947.381
3.38847 0.0056 1051.06
3.59926 0.0058 1053.94
3.79723 0.006 989.854
3.9653 0.0062 840.34
4.14917 0.0064 919.341
4.31241 0.0066 816.214
4.5202 0.0068 1038.92
4.73124 0.007 1055.23
4.94212 0.0072 1054.42
5.13664 0.0074 972.567
5.38055 0.0076 1219.56
5.67442 0.0078 1469.34
5.90798 0.008 1167.8
6.13253 0.0082 1122.74
6.38282 0.0084 1251.48
6.67253 0.0086 1448.56
6.93031 0.0088 1288.89
7.14731 0.009 1084.96
7.37628 0.0092 1144.88
7.70031 0.0094 1620.14
7.92109 0.0096 1103.9
8.13847 0.0098 1086.88
8.35092 0.01 1062.27
8.70713 0.0102 1781.06
8.99536 0.0104 1441.14
9.28788 0.0106 1462.62
9.56111 0.0108 1366.16
9.80835 0.011 1236.17
10.0972 0.0112 1444.33
10.4053 0.0114 1540.57
10.732 0.0116 1633.17
11.1016 0.0118 1848.38
11.4693 0.012 1838.07
11.8443 0.0122 1875.31
12.2261 0.0124 1908.92
12.6247 0.0126 1992.89
12.9922 0.0128 1837.43
13.3476 0.013 1777.12
13.7153 0.0132 1838.6
14.0234 0.0134 1540.32
14.5037 0.0136 2401.86
14.9138 0.0138 2050.28
15.3716 0.014 2289.07
15.8355 0.0142 2319.24
16.2617 0.0144 2131.33
16.7734 0.0146 2558.51
17.2678 0.0148 2471.76
17.7509 0.015 2415.56
18.2683 0.0152 2586.97
18.8383 0.0154 2850.19
19.4356 0.0156 2986.44
19.9713 0.0158 2678.53
20.5522 0.016 2904.61
