0.0729528 0 209.509
0.102895 0.0002 149.713
0.125265 0.0004 111.849
0.171762 0.0006 232.486
0.228121 0.0008 281.794
0.303147 0.001 375.126
0.361828 0.0012 293.408
0.448372 0.0014 432.716
0.544314 0.0016 479.712
0.630965 0.0018 433.257
0.726127 0.002 475.808
0.809999 0.0022 419.362
0.887061 0.0024 385.306
0.968763 0.0026 408.51
1.04944 0.0028 403.367
1.16103 0.003 557.983
1.26354 0.0032 512.55
1.38515 0.0034 608.015
1.53622 0.0036 755.392
1.67714 0.0038 704.563
1.84109 0.004 819.748
1.98031 0.0042 696.099
2.11412 0.0044 669.08
2.2741 0.0046 799.893
2.41432 0.0048 701.077
2.56092 0.005 733.038
2.71008 0.0052 745.78
2.8643 0.0054 771.119
2.99124 0.0056 634.689
3.13398 0.0058 713.679
3.3327 0.006 993.592
3.5117 0.0062 895.021
3.69242 0.0064 903.619
3.87429 0.0066 909.346
4.0393 0.0068 825.059
4.23641 0.007 985.523
4.44551 0.0072 1045.48
4.67349 0.0074 1139.9
4.91399 0.0076 1202.52
5.14306 0.0078 1145.36
5.3497 0.008 1033.18
5.58963 0.0082 1199.64
5.85402 0.0084 1321.97
6.08099 0.0086 1134.84
6.37054 0.0088 1447.77
6.69797 0.009 1637.15
6.91785 0.0092 1099.4
7.17549 0.0094 1288.2
7.47667 0.0096 1505.91
7.75597 0.0098 1396.49
8.02497 0.01 1345
8.29561 0.0102 1353.21
8.60255 0.0104 1534.67
8.89246 0.0106 1449.58
9.19667 0.0108 1521.02
9.50908 0.011 1562.05
9.83834 0.0112 1646.3
10.1874 0.0114 1745.22
10.5675 0.0116 1900.49
10.9441 0.0118 1883.17
11.3364 0.012 1961.42
11.7627 0.0122 2131.34
12.19 0.0124 2136.7
12.6734 0.0126 2417.02
13.1082 0.0128 2173.85
13.5422 0.013 2170.1
13.9795 0.0132 2186.66
14.5044 0.0134 2624.26
14.9626 0.0136 2290.99
15.4476 0.0138 2425.11
15.9432 0.014 2477.84
16.4512 0.0142 2540.39
16.9849 0.0144 2668.46
17.5052 0.0146 2601.51
18.0338 0.0148 2642.72
18.6193 0.015 2927.38
19.2237 0.0152 3022.4
19.7138 0.0154 2450.07
20.4607 0.0156 3734.83
