0.0835834 0 197.651
0.121542 0.0002 189.795
0.179362 0.0004 289.099
0.219999 0.0006 203.183
0.281966 0.0008 309.839
0.348581 0.001 333.075
0.381009 0.0012 162.139
0.470742 0.0014 448.661
0.55568 0.0016 424.694
0.655616 0.0018 499.676
0.747737 0.002 460.606
0.831741 0.0022 420.021
0.921717 0.0024 449.878
0.999743 0.0026 390.131
1.08025 0.0028 402.546
1.20235 0.003 610.475
1.31034 0.0032 539.98
1.42434 0.0034 569.982
1.53072 0.0036 531.901
1.66124 0.0038 652.6
1.77335 0.004 560.567
1.88433 0.0042 554.865
1.99535 0.0044 555.135
2.103 0.0046 538.257
2.22268 0.0048 598.356
2.38544 0.005 813.809
2.54474 0.0052 796.521
2.72791 0.0054 915.836
2.86542 0.0056 687.557
3.00378 0.0058 691.781
3.19885 0.006 975.358
3.40302 0.0062 1020.87
3.59381 0.0064 953.926
3.7833 0.0066 947.476
3.98661 0.0068 1016.54
4.21141 0.007 1123.98
4.45174 0.0072 1201.69
4.71386 0.0074 1310.59
4.97388 0.0076 1300.08
5.22345 0.0078 1247.87
5.49553 0.008 1360.4
5.73531 0.0082 1198.91
6.03694 0.0084 1508.15
6.30433 0.0086 1336.94
6.59092 0.0088 1432.92
6.88196 0.009 1455.24
7.1109 0.0092 1144.69
7.47413 0.0094 1816.16
7.75993 0.0096 1428.96
8.05295 0.0098 1465.13
8.39127 0.01 1691.61
8.74652 0.0102 1776.22
9.09843 0.0104 1759.57
9.44148 0.0106 1715.24
9.81349 0.0108 1860.05
10.1815 0.011 1840.19
10.5683 0.0112 1933.92
10.9543 0.0114 1929.9
11.3292 0.0116 1874.45
11.7439 0.0118 2073.41
12.1626 0.012 2093.75
12.5904 0.0122 2138.96
13.028 0.0124 2188.12
13.5369 0.0126 2544.26
14.0981 0.0128 2806.23
14.6627 0.013 2822.67
15.3229 0.0132 3301.28
15.8654 0.0134 2712.21
16.4618 0.0136 2982.01
17.0328 0.0138 2854.96
17.6329 0.014 3000.92
18.241 0.0142 3040.28
18.9153 0.0144 3371.34
19.5694 0.0146 3270.75
20.1534 0.0148 2919.89
