0.0647969 0 81.4383
0.0919972 0.0002 136.002
0.121889 0.0004 149.459
0.158703 0.0006 184.071
0.206716 0.0008 240.064
0.270671 0.001 319.775
0.323241 0.0012 262.852
0.364744 0.0014 207.512
0.443471 0.0016 393.637
0.518184 0.0018 373.561
0.58836 0.002 350.881
0.698295 0.0022 549.676
0.797452 0.0024 495.783
0.880864 0.0026 417.06
0.957738 0.0028 384.373
1.04645 0.003 443.567
1.16759 0.0032 605.704
1.27409 0.0034 532.496
1.38507 0.0036 554.895
1.4947 0.0038 548.127
1.62823 0.004 667.675
1.7783 0.0042 750.355
1.90635 0.0044 640.235
2.02865 0.0046 611.531
2.19384 0.0048 825.913
2.3704 0.005 882.803
2.52051 0.0052 750.559
2.76011 0.0054 1197.98
2.92124 0.0056 805.658
3.0772 0.0058 779.792
3.2661 0.006 944.535
3.48702 0.0062 1104.59
3.69643 0.0064 1047.03
3.88448 0.0066 940.238
4.06914 0.0068 923.344
4.27844 0.007 1046.49
4.50219 0.0072 1118.72
4.75098 0.0074 1243.97
4.97419 0.0076 1116.04
5.18828 0.0078 1070.47
5.44308 0.008 1273.99
5.72959 0.0082 1432.54
5.93355 0.0084 1019.77
6.23383 0.0086 1501.44
6.48924 0.0088 1277.01
6.64274 0.009 767.522
6.98495 0.0092 1711.07
7.25188 0.0094 1334.63
7.59279 0.0096 1704.55
7.86896 0.0098 1380.88
8.15331 0.01 1421.71
8.42603 0.0102 1363.61
8.73342 0.0104 1536.97
9.07502 0.0106 1707.99
9.43777 0.0108 1813.74
9.81992 0.011 1910.77
10.1924 0.0112 1862.33
10.5789 0.0114 1932.62
10.9393 0.0116 1802.05
11.3318 0.0118 1962.58
11.7112 0.012 1897.04
12.0512 0.0122 1699.53
12.4512 0.0124 2000.09
12.8119 0.0126 1803.8
13.1129 0.0128 1504.9
13.6182 0.013 2526.56
14.0425 0.0132 2121.15
14.5391 0.0134 2483.21
15.0603 0.0136 2605.94
15.6109 0.0138 2753.18
16.1075 0.014 2482.89
16.6611 0.0142 2768.12
17.16 0.0144 2494.5
17.706 0.0146 2729.85
18.2912 0.0148 2926.03
18.8679 0.015 2883.28
19.4969 0.0152 3145.16
20.0701 0.0154 2866.12
