0.0521294 0 31.2172
0.08244 0.0002 151.553
0.122319 0.0004 199.394
0.160357 0.0006 190.192
0.180034 0.0008 98.381
0.259544 0.001 397.554
0.31374 0.0012 270.977
0.376995 0.0014 316.276
0.424838 0.0016 239.213
0.518737 0.0018 469.499
0.585628 0.002 334.451
0.689446 0.0022 519.094
0.793241 0.0024 518.972
0.863743 0.0026 352.51
0.985927 0.0028 610.921
1.07726 0.003 456.684
1.18316 0.0032 529.466
1.29551 0.0034 561.756
1.40627 0.0036 553.814
1.53571 0.0038 647.173
1.67903 0.004 716.598
1.81869 0.0042 698.343
1.94902 0.0044 651.63
2.07494 0.0046 629.585
2.2559 0.0048 904.793
2.42677 0.005 854.374
2.57889 0.0052 760.576
2.79405 0.0054 1075.83
2.95867 0.0056 823.093
3.1157 0.0058 785.128
3.2911 0.006 876.999
3.81016 0.0062 2595.32
3.94191 0.0064 658.739
4.0217 0.0066 398.969
4.12202 0.0068 501.592
4.22294 0.007 504.617
4.34922 0.0072 631.381
4.49832 0.0074 745.482
4.6641 0.0076 828.929
4.8267 0.0078 812.963
4.96625 0.008 697.751
5.1097 0.0082 717.284
5.25916 0.0084 747.313
5.46208 0.0086 1014.58
5.71855 0.0088 1282.36
5.93357 0.009 1075.1
6.13606 0.0092 1012.42
6.31959 0.0094 917.662
6.52389 0.0096 1021.5
6.769 0.0098 1225.54
7.02281 0.01 1269.07
7.24012 0.0102 1086.54
7.5136 0.0104 1367.41
7.77943 0.0106 1329.15
7.98412 0.0108 1023.46
8.19655 0.011 1062.11
8.41587 0.0112 1096.62
8.69741 0.0114 1407.71
8.92817 0.0116 1153.79
9.18128 0.0118 1265.54
9.47485 0.012 1467.84
9.76497 0.0122 1450.61
9.96033 0.0124 976.822
10.3717 0.0126 2056.97
10.7374 0.0128 1828.46
11.0993 0.013 1809.2
11.4768 0.0132 1887.93
11.8868 0.0134 2049.99
12.1755 0.0136 1443.13
12.6212 0.0138 2228.79
13.0072 0.014 1929.7
13.3335 0.0142 1631.73
13.6963 0.0144 1813.76
14.0496 0.0146 1766.56
14.4105 0.0148 1804.79
14.7618 0.015 1756.49
15.1251 0.0152 1816.58
15.5063 0.0154 1905.59
15.8985 0.0156 1961.27
16.3045 0.0158 2029.69
16.8207 0.016 2581.01
17.3045 0.0162 2418.99
17.7739 0.0164 2347.42
18.2954 0.0166 2607.06
18.8454 0.0168 2750.49
19.4046 0.017 2795.7
19.8405 0.0172 2179.34
20.5508 0.0174 3551.86
