0.0609989 0 57.6087
0.0926383 0.0002 158.197
0.136117 0.0004 217.392
0.158954 0.0006 114.186
0.214785 0.0008 279.157
0.248355 0.001 167.846
0.322419 0.0012 370.321
0.37705 0.0014 273.156
0.42291 0.0016 229.299
0.499534 0.0018 383.124
0.567594 0.002 340.298
0.633498 0.0022 329.519
0.740948 0.0024 537.252
0.819881 0.0026 394.664
0.89824 0.0028 391.795
0.981054 0.003 414.072
1.05694 0.0032 379.427
1.15347 0.0034 482.658
1.25642 0.0036 514.742
1.38528 0.0038 644.3
1.50758 0.004 611.52
1.6717 0.0042 820.596
1.81036 0.0044 693.264
1.95224 0.0046 709.42
2.05223 0.0048 499.951
2.20796 0.005 778.673
2.34631 0.0052 691.71
2.51565 0.0054 846.705
2.65229 0.0056 683.227
2.77674 0.0058 622.229
2.92659 0.006 749.267
3.08052 0.0062 769.632
3.23672 0.0064 781.029
3.3953 0.0066 792.866
3.55551 0.0068 801.071
3.71623 0.007 803.583
3.86387 0.0072 738.23
3.9893 0.0074 627.106
4.20793 0.0076 1093.19
4.40475 0.0078 984.095
4.58632 0.008 907.823
4.77322 0.0082 934.508
4.92023 0.0084 735.048
5.07465 0.0086 772.104
5.25369 0.0088 895.226
5.45124 0.009 987.711
5.66028 0.0092 1045.2
5.85509 0.0094 974.077
6.02901 0.0096 869.589
6.20966 0.0098 903.245
6.42497 0.01 1076.57
6.63436 0.0102 1046.93
6.85994 0.0104 1127.92
7.0994 0.0106 1197.31
7.33613 0.0108 1183.64
7.56823 0.011 1160.5
7.82944 0.0112 1306.06
8.0736 0.0114 1220.79
8.26784 0.0116 971.197
8.64799 0.0118 1900.75
8.93155 0.012 1417.78
9.29354 0.0122 1809.97
9.6528 0.0124 1796.31
9.94631 0.0126 1467.51
10.1917 0.0128 1226.95
10.5916 0.013 1999.5
10.8587 0.0132 1335.41
11.1363 0.0134 1388.29
11.4156 0.0136 1396.35
11.7825 0.0138 1834.58
12.1222 0.014 1698.17
12.5236 0.0142 2007.33
12.8925 0.0144 1844.33
13.2956 0.0146 2015.56
13.6646 0.0148 1844.74
14.0454 0.015 1904.02
14.5736 0.0152 2641.11
15.0486 0.0154 2375.13
15.5296 0.0156 2404.86
15.9301 0.0158 2002.8
16.3499 0.016 2098.84
17.0288 0.0162 3394.29
17.5153 0.0164 2432.57
18.0275 0.0166 2561.29
18.5432 0.0168 2578.41
19.0581 0.017 2574.65
19.6509 0.0172 2963.67
20.2056 0.0174 2773.44
