0.0666039 0 106.117
0.0958228 0.0002 146.095
0.1298 0.0004 169.888
0.185895 0.0006 280.471
0.23888 0.0008 264.927
0.277933 0.001 195.266
0.316325 0.0012 191.957
0.344421 0.0014 140.481
0.407895 0.0016 317.372
0.478439 0.0018 352.717
0.538112 0.002 298.365
0.588015 0.0022 249.519
0.682987 0.0024 474.857
0.780326 0.0026 486.696
0.841064 0.0028 303.691
0.908046 0.003 334.91
0.984543 0.0032 382.483
1.03236 0.0034 239.086
1.18387 0.0036 757.566
1.25226 0.0038 341.921
1.31291 0.004 303.249
1.43316 0.0042 601.276
1.52414 0.0044 454.903
1.65711 0.0046 664.816
1.75457 0.0048 487.325
1.84966 0.005 475.425
1.93741 0.0052 438.75
2.04036 0.0054 514.781
2.13541 0.0056 475.256
2.26066 0.0058 626.252
2.37539 0.006 573.63
2.49771 0.0062 611.593
2.635 0.0064 686.467
2.74696 0.0066 559.807
2.88964 0.0068 713.387
3.00929 0.007 598.257
3.14438 0.0072 675.431
3.27287 0.0074 642.433
3.47263 0.0076 998.848
3.63157 0.0078 794.687
3.80358 0.008 860.043
3.92625 0.0082 613.372
4.08465 0.0084 791.968
4.24229 0.0086 788.206
4.40718 0.0088 824.468
4.61704 0.009 1049.26
4.81826 0.0092 1006.1
5.00509 0.0094 934.178
5.19574 0.0096 953.24
5.39939 0.0098 1018.24
5.66522 0.01 1329.15
5.93729 0.0102 1360.37
6.15743 0.0104 1100.69
6.41443 0.0106 1284.99
6.62296 0.0108 1042.64
6.92961 0.011 1533.28
7.22633 0.0112 1483.6
7.57318 0.0114 1734.27
7.87548 0.0116 1511.45
8.12707 0.0118 1257.98
8.46259 0.012 1677.59
8.77395 0.0122 1556.81
9.05525 0.0124 1406.51
9.36767 0.0126 1562.09
9.67602 0.0128 1541.73
9.96832 0.013 1461.5
10.3173 0.0132 1744.78
10.6469 0.0134 1648.34
11.0273 0.0136 1901.8
11.4119 0.0138 1923.24
11.7406 0.014 1643.2
12.2177 0.0142 2385.68
12.6211 0.0144 2016.95
13.0653 0.0146 2221.01
13.4995 0.0148 2171.06
13.9468 0.015 2236.15
14.435 0.0152 2441.17
14.9507 0.0154 2578.65
15.4762 0.0156 2627.34
15.9305 0.0158 2271.5
16.4248 0.016 2471.7
16.9505 0.0162 2628.35
17.4605 0.0164 2549.76
18.0938 0.0166 3166.5
18.7465 0.0168 3263.72
19.4165 0.017 3350.1
20.0485 0.0172 3159.97
