0.0899184 0 218.329
0.120233 0.0002 151.573
0.144291 0.0004 120.288
0.211224 0.0006 334.666
0.247966 0.0008 183.71
0.294852 0.001 234.433
0.349035 0.0012 270.915
0.406428 0.0014 286.964
0.484124 0.0016 388.481
0.552091 0.0018 339.833
0.66172 0.002 548.146
0.754685 0.0022 464.824
0.848355 0.0024 468.351
0.943983 0.0026 478.14
1.04697 0.0028 514.917
1.14166 0.003 473.487
1.23574 0.0032 470.398
1.34333 0.0034 537.924
1.38458 0.0036 206.237
1.4399 0.0038 276.629
1.48192 0.004 210.088
1.52882 0.0042 234.525
1.57198 0.0044 215.792
1.63225 0.0046 301.332
1.69778 0.0048 327.67
1.79116 0.005 466.904
1.92411 0.0052 664.719
2.06073 0.0054 683.086
2.17979 0.0056 595.347
2.34564 0.0058 829.246
2.49821 0.006 762.814
2.66127 0.0062 815.299
2.85893 0.0064 988.344
3.03187 0.0066 864.692
3.19528 0.0068 817.024
3.33711 0.007 709.164
3.55988 0.0072 1113.83
3.79401 0.0074 1170.68
3.9507 0.0076 783.408
4.05821 0.0078 537.579
4.2566 0.008 991.926
4.40039 0.0082 718.969
4.58239 0.0084 910.003
4.79773 0.0086 1076.69
4.97645 0.0088 893.594
5.16994 0.009 967.443
5.35094 0.0092 905.003
5.53898 0.0094 940.211
5.77114 0.0096 1160.82
5.96556 0.0098 972.083
6.16991 0.01 1021.74
6.3862 0.0102 1081.48
6.64627 0.0104 1300.32
6.906 0.0106 1298.65
7.11885 0.0108 1064.27
7.27659 0.011 788.697
7.60247 0.0112 1629.38
7.85545 0.0114 1264.9
8.07104 0.0116 1077.96
8.24569 0.0118 873.253
8.46601 0.012 1101.57
8.74799 0.0122 1409.92
9.00486 0.0124 1284.33
9.22442 0.0126 1097.81
9.42725 0.0128 1014.19
9.72019 0.013 1464.65
9.99088 0.0132 1353.46
10.2167 0.0134 1129.04
10.541 0.0136 1621.75
10.8682 0.0138 1635.76
11.13 0.014 1309.21
11.4483 0.0142 1591.46
11.7803 0.0144 1659.92
12.0122 0.0146 1159.7
12.3128 0.0148 1502.83
12.6109 0.015 1490.22
12.9573 0.0152 1732.29
13.2686 0.0154 1556.24
13.526 0.0156 1287.44
13.8595 0.0158 1667.04
14.2391 0.016 1898.41
14.6448 0.0162 2028.37
15.0522 0.0164 2036.99
15.5001 0.0166 2239.3
15.897 0.0168 1984.68
16.2698 0.017 1863.74
16.7301 0.0172 2301.73
17.1421 0.0174 2060.21
17.6712 0.0176 2645.5
18.1606 0.0178 2446.76
18.6441 0.018 2417.7
19.1582 0.0182 2570.08
19.5693 0.0184 2055.95
20.2734 0.0186 3520.03
