0.0659327 0 129.669
0.11035 0.0002 222.087
0.149972 0.0004 198.11
0.198754 0.0006 243.908
0.257717 0.0008 294.818
0.305343 0.001 238.13
0.400687 0.0012 476.717
0.531215 0.0014 652.64
0.68945 0.0016 791.176
0.857473 0.0018 840.117
1.0462 0.002 943.652
1.29028 0.0022 1220.41
1.62591 0.0024 1678.13
1.95717 0.0026 1656.3
2.34931 0.0028 1960.68
2.79764 0.003 2241.65
3.31276 0.0032 2575.6
3.76956 0.0034 2284
4.28254 0.0036 2564.92
4.74354 0.0038 2304.99
5.40702 0.004 3317.41
5.955 0.0042 2739.88
6.60554 0.0044 3252.71
7.29162 0.0046 3430.39
7.94481 0.0048 3265.95
8.75695 0.005 4060.7
9.56092 0.0052 4019.88
10.3329 0.0054 3859.66
11.1481 0.0056 4076.24
11.9444 0.0058 3981.65
12.7712 0.006 4133.87
13.5732 0.0062 4010.01
14.3835 0.0064 4051.38
15.213 0.0066 4147.81
16.0344 0.0068 4106.95
16.8866 0.007 4260.74
17.7548 0.0072 4341.16
18.6451 0.0074 4451.36
19.613 0.0076 4839.56
20.5034 0.0078 4451.94
