0.0591108 0 92.165
0.0999592 0.0002 204.242
0.140841 0.0004 204.408
0.176553 0.0006 178.562
0.228738 0.0008 260.923
0.297357 0.001 343.097
0.341379 0.0012 220.11
0.395324 0.0014 269.725
0.490567 0.0016 476.212
0.585011 0.0018 472.22
0.696311 0.002 556.501
0.822406 0.0022 630.478
1.02196 0.0024 997.792
1.23933 0.0026 1086.8
1.55368 0.0028 1571.75
1.84863 0.003 1474.78
2.18727 0.0032 1693.18
2.58404 0.0034 1983.88
2.89348 0.0036 1547.16
3.40829 0.0038 2574.07
3.84376 0.004 2177.35
4.29982 0.0042 2280.3
4.72551 0.0044 2128.43
5.32044 0.0046 2974.67
5.83119 0.0048 2553.78
6.28827 0.005 2285.36
6.84954 0.0052 2806.39
7.45752 0.0054 3039.88
8.00028 0.0056 2713.82
8.56448 0.0058 2820.99
9.11054 0.006 2730.28
9.80265 0.0062 3460.57
10.4892 0.0064 3432.67
11.1002 0.0066 3055.14
11.7043 0.0068 3020.53
12.3395 0.007 3175.99
12.8307 0.0072 2455.93
13.6626 0.0074 4159.32
14.3898 0.0076 3636.16
15.052 0.0078 3310.92
15.7815 0.008 3647.33
16.5186 0.0082 3685.92
17.2792 0.0084 3803.01
18.0717 0.0086 3962.53
18.8407 0.0088 3845.03
19.6219 0.009 3905.72
20.453 0.0092 4155.42
