0.0773848 0 182.026
0.120937 0.0002 217.76
0.143726 0.0004 113.948
0.196273 0.0006 262.731
0.247001 0.0008 253.641
0.309755 0.001 313.77
0.382982 0.0012 366.138
0.463898 0.0014 404.576
0.616944 0.0016 765.234
0.793838 0.0018 884.468
0.976701 0.002 914.315
1.19502 0.0022 1091.59
1.51289 0.0024 1589.37
1.81897 0.0026 1530.36
2.18732 0.0028 1841.78
2.64181 0.003 2272.43
3.14928 0.0032 2537.36
3.59151 0.0034 2211.17
4.2116 0.0036 3100.45
4.83168 0.0038 3100.37
5.45392 0.004 3111.21
6.12227 0.0042 3341.77
6.93469 0.0044 4062.08
7.67865 0.0046 3719.79
8.4137 0.0048 3675.26
9.19621 0.005 3912.53
9.84925 0.0052 3265.24
10.6456 0.0054 3981.94
11.351 0.0056 3526.64
12.1085 0.0058 3787.67
12.668 0.006 2797.56
13.6626 0.0062 4972.77
14.4974 0.0064 4173.95
15.3203 0.0066 4114.78
16.1225 0.0068 4010.86
16.9111 0.007 3943.02
17.7376 0.0072 4132.56
18.5668 0.0074 4145.85
19.4027 0.0076 4179.56
20.2985 0.0078 4479.04
