0.0635057 0 153.555
0.125025 0.0002 307.596
0.175751 0.0004 253.631
0.278363 0.0006 513.06
0.350281 0.0008 359.588
0.420814 0.001 352.667
0.537401 0.0012 582.932
0.702911 0.0014 827.554
0.825261 0.0016 611.75
0.969066 0.0018 719.022
1.23348 0.002 1322.09
1.51534 0.0022 1409.3
1.82566 0.0024 1551.56
2.22333 0.0026 1988.37
2.68827 0.0028 2324.69
3.10701 0.003 2093.69
3.83173 0.0032 3623.63
4.49651 0.0034 3323.88
5.02592 0.0036 2647.03
5.77946 0.0038 3767.72
6.77102 0.004 4957.79
7.40285 0.0042 3159.16
8.15569 0.0044 3764.17
9.00109 0.0046 4227.01
9.81335 0.0048 4061.29
10.5222 0.005 3544.29
11.4366 0.0052 4571.78
12.3428 0.0054 4531.08
13.2319 0.0056 4445.63
13.9919 0.0058 3799.8
14.9775 0.006 4928.03
15.9575 0.0062 4900.4
16.8944 0.0064 4684.3
17.8288 0.0066 4672.19
18.6423 0.0068 4067.45
19.8654 0.007 6115.34
20.7792 0.0072 4569.04
