0.0779008 0 145.584
0.113968 0.0002 180.334
0.180369 0.0004 332.006
0.241954 0.0006 307.927
0.29315 0.0008 255.981
0.386291 0.001 465.703
0.465449 0.0012 395.793
0.630614 0.0014 825.823
0.755248 0.0016 623.17
0.905676 0.0018 752.143
1.10753 0.002 1009.29
1.34682 0.0022 1196.41
1.65829 0.0024 1557.35
2.01653 0.0026 1791.22
2.46751 0.0028 2254.92
2.95252 0.003 2425
3.46024 0.0032 2538.62
4.09515 0.0034 3174.53
4.72548 0.0036 3151.66
5.47207 0.0038 3732.94
6.30988 0.004 4189.06
7.10501 0.0042 3975.65
7.99025 0.0044 4426.2
8.86912 0.0046 4394.36
9.97943 0.0048 5551.55
10.8546 0.005 4375.74
11.9549 0.0052 5501.63
12.9412 0.0054 4931.37
14.0199 0.0056 5393.7
14.8598 0.0058 4199.26
16.0602 0.006 6002.19
17.1205 0.0062 5301.49
18.2134 0.0064 5464.55
19.2671 0.0066 5268.27
20.2225 0.0068 4777.13
