0.0701336 0 156.439
0.0739801 0.0002 19.2325
0.114959 0.0004 204.894
0.169249 0.0006 271.449
0.195955 0.0008 133.533
0.222359 0.001 132.017
0.275879 0.0012 267.603
0.324865 0.0014 244.929
0.367319 0.0016 212.268
0.447684 0.0018 401.827
0.551519 0.002 519.176
0.723082 0.0022 857.811
0.845997 0.0024 614.578
1.05348 0.0026 1037.39
1.30499 0.0028 1257.56
1.60395 0.003 1494.81
1.85059 0.0032 1233.2
2.15951 0.0034 1544.6
2.49699 0.0036 1687.37
2.82431 0.0038 1636.61
3.15925 0.004 1674.73
3.52524 0.0042 1829.92
3.87103 0.0044 1728.94
4.26092 0.0046 1949.47
4.7392 0.0048 2391.39
5.20756 0.005 2341.79
5.72618 0.0052 2593.11
6.10243 0.0054 1881.27
6.52328 0.0056 2104.22
7.24964 0.0058 3631.82
7.84434 0.006 2973.52
8.6214 0.0062 3885.31
9.15576 0.0064 2671.78
9.90291 0.0066 3735.76
10.4302 0.0068 2636.48
11.2972 0.007 4335.08
11.9753 0.0072 3390.2
12.6986 0.0074 3616.68
13.3882 0.0076 3448.21
14.1189 0.0078 3653.27
14.9449 0.008 4129.94
15.6923 0.0082 3737.24
16.484 0.0084 3958.47
17.3025 0.0086 4092.6
18.1368 0.0088 4171.34
18.8698 0.009 3664.89
19.6929 0.0092 4115.39
20.5517 0.0094 4293.93
