0.0682934 0 172.47
0.0870007 0.0002 93.5368
0.134654 0.0004 238.268
0.195233 0.0006 302.895
0.275032 0.0008 398.995
0.328284 0.001 266.256
0.415958 0.0012 438.372
0.511174 0.0014 476.082
0.666212 0.0016 775.188
0.799289 0.0018 665.386
0.939278 0.002 699.943
1.12357 0.0022 921.478
1.33982 0.0024 1081.21
1.63873 0.0026 1494.59
1.93237 0.0028 1468.18
2.32151 0.003 1945.7
2.92746 0.0032 3029.76
3.46577 0.0034 2691.54
3.91531 0.0036 2247.71
4.6541 0.0038 3693.95
5.23721 0.004 2915.53
6.00042 0.0042 3816.07
6.69657 0.0044 3480.76
7.39786 0.0046 3506.44
8.03316 0.0048 3176.52
8.70322 0.005 3350.29
9.41249 0.0052 3546.33
10.0922 0.0054 3398.79
10.8518 0.0056 3797.91
11.5774 0.0058 3627.79
12.3862 0.006 4044.04
13.1687 0.0062 3912.33
13.9304 0.0064 3808.94
14.7728 0.0066 4211.84
15.6297 0.0068 4284.31
16.328 0.007 3491.49
17.4171 0.0072 5445.89
18.1392 0.0074 3610.04
19.0327 0.0076 4467.85
20.1197 0.0078 5434.7
