0.0649477 0 170.548
0.10336 0.0002 192.062
0.126355 0.0004 114.977
0.192973 0.0006 333.089
0.262982 0.0008 350.041
0.316312 0.001 266.653
0.39745 0.0012 405.688
0.504932 0.0014 537.411
0.616541 0.0016 558.045
0.751251 0.0018 673.549
0.869361 0.002 590.551
1.03604 0.0022 833.398
1.24122 0.0024 1025.91
1.46205 0.0026 1104.12
1.75343 0.0028 1456.93
2.06599 0.003 1562.79
2.47084 0.0032 2024.23
2.90561 0.0034 2173.87
3.31762 0.0036 2060.03
3.93967 0.0038 3110.29
4.38371 0.004 2220.18
4.99425 0.0042 3052.68
5.56525 0.0044 2855.02
6.41987 0.0046 4273.11
6.94556 0.0048 2628.44
7.82426 0.005 4393.51
8.5096 0.0052 3426.69
9.1879 0.0054 3391.52
9.89973 0.0056 3559.12
10.6916 0.0058 3959.13
11.3221 0.006 3152.79
12.2748 0.0062 4763.37
13.0929 0.0064 4090.76
13.9089 0.0066 4079.68
14.3725 0.0068 2318.12
15.4688 0.007 5481.48
16.1939 0.0072 3625.77
17.1424 0.0074 4742.32
18.0429 0.0076 4502.39
19.2249 0.0078 5909.94
20.2518 0.008 5134.56
