0.0719951 0 145.192
0.110952 0.0002 194.786
0.159394 0.0004 242.206
0.209747 0.0006 251.767
0.287984 0.0008 391.184
0.368687 0.001 403.515
0.431006 0.0012 311.598
0.532702 0.0014 508.478
0.67259 0.0016 699.441
0.775602 0.0018 515.057
0.946875 0.002 856.365
1.12802 0.0022 905.731
1.29577 0.0024 838.725
1.61337 0.0026 1588.04
1.92297 0.0028 1547.99
2.34149 0.003 2092.59
2.81319 0.0032 2358.51
3.37507 0.0034 2809.39
3.94025 0.0036 2825.91
4.62234 0.0038 3410.44
5.32928 0.004 3534.68
6.06716 0.0042 3689.41
6.84683 0.0044 3898.34
7.64045 0.0046 3968.13
8.43467 0.0048 3971.09
9.24626 0.005 4057.96
10.1842 0.0052 4689.49
11.0429 0.0054 4293.91
12.0408 0.0056 4989.37
13.0156 0.0058 4873.84
13.8405 0.006 4124.45
14.9041 0.0062 5318.37
15.8635 0.0064 4796.56
16.8699 0.0066 5032.07
17.7836 0.0068 4568.63
18.8701 0.007 5432.57
19.9459 0.0072 5378.81
21.1352 0.0074 5946.45
