0.057786 0 132.96
0.126942 0.0002 345.781
0.145259 0.0004 91.5843
0.199719 0.0006 272.301
0.263 0.0008 316.402
0.317321 0.001 271.609
0.369358 0.0012 260.183
0.448727 0.0014 396.843
0.563309 0.0016 572.91
0.638086 0.0018 373.886
0.767503 0.002 647.088
0.867631 0.0022 500.64
1.05433 0.0024 933.494
1.23421 0.0026 899.418
1.44044 0.0028 1031.11
1.69854 0.003 1290.52
1.91831 0.0032 1098.83
2.21399 0.0034 1478.44
2.53827 0.0036 1621.38
2.91921 0.0038 1904.7
3.32121 0.004 2010.01
3.74628 0.0042 2125.34
4.24551 0.0044 2496.18
4.66493 0.0046 2097.08
5.24421 0.0048 2896.38
5.84713 0.005 3014.61
6.4765 0.0052 3146.83
7.0107 0.0054 2671.04
7.60028 0.0056 2947.89
8.16134 0.0058 2805.27
8.82543 0.006 3320.46
9.04126 0.0062 1079.17
9.48468 0.0064 2217.11
11.1425 0.0066 8289.06
11.8454 0.0068 3514.36
12.5808 0.007 3677.08
13.3208 0.0072 3699.93
14.0768 0.0074 3780.07
14.805 0.0076 3640.95
15.5878 0.0078 3913.99
16.4354 0.008 4238.13
17.2176 0.0082 3911.21
17.9921 0.0084 3872.31
18.858 0.0086 4329.48
19.6341 0.0088 3880.31
20.4782 0.009 4220.67
